***** Stress1 *****
5, 5, 3, 2, 2, 8, 1, 8, 8, 5, 5, 6, 8, 2, 7, 2, 4, 1, 9, 1, 3, 5, 9, 9, 3, 6, 4, 4, 2, 8, 1, 5, 5, 5, 9, 9, 2, 9, 1, 1, 4, 3, 9, 7, 7, 4, 6, 1, 9, 2, 7, 2, 2, 2, 7, 4, 9, 8, 2, 8, 1, 5, 1, 7, 8, 4, 3, 7, 9, 5, 9, 2, 9, 2, 9, 6, 9, 3, 8, 6, 7, 7, 3, 1, 4, 5, 6, 4, 5, 5, 6, 2, 5, 9, 3, 5, 9, 7, 8, 7
remove 1, new list: 5, 5, 3, 2, 2, 8, 8, 8, 5, 5, 6, 8, 2, 7, 2, 4, 9, 3, 5, 9, 9, 3, 6, 4, 4, 2, 8, 5, 5, 5, 9, 9, 2, 9, 4, 3, 9, 7, 7, 4, 6, 9, 2, 7, 2, 2, 2, 7, 4, 9, 8, 2, 8, 5, 7, 8, 4, 3, 7, 9, 5, 9, 2, 9, 2, 9, 6, 9, 3, 8, 6, 7, 7, 3, 4, 5, 6, 4, 5, 5, 6, 2, 5, 9, 3, 5, 9, 7, 8, 7
remove 2, new list: 5, 5, 3, 8, 8, 8, 5, 5, 6, 8, 7, 4, 9, 3, 5, 9, 9, 3, 6, 4, 4, 8, 5, 5, 5, 9, 9, 9, 4, 3, 9, 7, 7, 4, 6, 9, 7, 7, 4, 9, 8, 8, 5, 7, 8, 4, 3, 7, 9, 5, 9, 9, 9, 6, 9, 3, 8, 6, 7, 7, 3, 4, 5, 6, 4, 5, 5, 6, 5, 9, 3, 5, 9, 7, 8, 7
remove 3, new list: 5, 5, 8, 8, 8, 5, 5, 6, 8, 7, 4, 9, 5, 9, 9, 6, 4, 4, 8, 5, 5, 5, 9, 9, 9, 4, 9, 7, 7, 4, 6, 9, 7, 7, 4, 9, 8, 8, 5, 7, 8, 4, 7, 9, 5, 9, 9, 9, 6, 9, 8, 6, 7, 7, 4, 5, 6, 4, 5, 5, 6, 5, 9, 5, 9, 7, 8, 7
remove 4, new list: 5, 5, 8, 8, 8, 5, 5, 6, 8, 7, 9, 5, 9, 9, 6, 8, 5, 5, 5, 9, 9, 9, 9, 7, 7, 6, 9, 7, 7, 9, 8, 8, 5, 7, 8, 7, 9, 5, 9, 9, 9, 6, 9, 8, 6, 7, 7, 5, 6, 5, 5, 6, 5, 9, 5, 9, 7, 8, 7
remove 5, new list: 8, 8, 8, 6, 8, 7, 9, 9, 9, 6, 8, 9, 9, 9, 9, 7, 7, 6, 9, 7, 7, 9, 8, 8, 7, 8, 7, 9, 9, 9, 9, 6, 9, 8, 6, 7, 7, 6, 6, 9, 9, 7, 8, 7
remove 6, new list: 8, 8, 8, 8, 7, 9, 9, 9, 8, 9, 9, 9, 9, 7, 7, 9, 7, 7, 9, 8, 8, 7, 8, 7, 9, 9, 9, 9, 9, 8, 7, 7, 9, 9, 7, 8, 7
remove 7, new list: 8, 8, 8, 8, 9, 9, 9, 8, 9, 9, 9, 9, 9, 9, 8, 8, 8, 9, 9, 9, 9, 9, 8, 9, 9, 8
remove 8, new list: 9, 9, 9, 9, 9, 9, 9, 9, 9, 9, 9, 9, 9, 9, 9, 9
remove 9, new list: 
***** Stress2 *****
Sum is -562
remove -10, sum is 4757498
remove -9, sum is 9034595
remove -8, sum is 12853515
remove -7, sum is 16186390
remove -6, sum is 19048558
remove -5, sum is 21429963
remove -4, sum is 23336827
remove -3, sum is 24765589
remove -2, sum is 25718983
remove -1, sum is 26194744
remove 0, sum is 26194744
remove 1, sum is 25719127
remove 2, sum is 24768383
remove 3, sum is 23339930
remove 4, sum is 21436114
remove 5, sum is 19054239
remove 6, sum is 16196469
remove 7, sum is 12865757
remove 8, sum is 9055885
remove 9, sum is 4773190
remove 10, sum is 0
***** Stress3 *****
Sum is 10000028
remove 1, sum is 35
