***** Stress1 *****
3, 7, 8, 8, 9, 8, 5, 3, 2, 4, 4, 3, 9, 3, 9, 1, 9, 6, 1, 2, 7, 5, 2, 5, 8, 1, 1, 9, 6, 5, 8, 6, 4, 3, 6, 7, 5, 9, 1, 4, 5, 3, 9, 5, 8, 2, 9, 8, 1, 3, 7, 2, 4, 6, 8, 4, 9, 4, 1, 5, 2, 7, 1, 5, 8, 8, 2, 2, 1, 5, 4, 2, 4, 9, 6, 4, 3, 7, 9, 5, 6, 3, 3, 6, 6, 2, 6, 3, 9, 4, 5, 1, 1, 1, 1, 3, 4, 1, 3, 6
remove 1, new list: 3, 7, 8, 8, 9, 8, 5, 3, 2, 4, 4, 3, 9, 3, 9, 9, 6, 2, 7, 5, 2, 5, 8, 9, 6, 5, 8, 6, 4, 3, 6, 7, 5, 9, 4, 5, 3, 9, 5, 8, 2, 9, 8, 3, 7, 2, 4, 6, 8, 4, 9, 4, 5, 2, 7, 5, 8, 8, 2, 2, 5, 4, 2, 4, 9, 6, 4, 3, 7, 9, 5, 6, 3, 3, 6, 6, 2, 6, 3, 9, 4, 5, 3, 4, 3, 6
remove 2, new list: 3, 7, 8, 8, 9, 8, 5, 3, 4, 4, 3, 9, 3, 9, 9, 6, 7, 5, 5, 8, 9, 6, 5, 8, 6, 4, 3, 6, 7, 5, 9, 4, 5, 3, 9, 5, 8, 9, 8, 3, 7, 4, 6, 8, 4, 9, 4, 5, 7, 5, 8, 8, 5, 4, 4, 9, 6, 4, 3, 7, 9, 5, 6, 3, 3, 6, 6, 6, 3, 9, 4, 5, 3, 4, 3, 6
remove 3, new list: 7, 8, 8, 9, 8, 5, 4, 4, 9, 9, 9, 6, 7, 5, 5, 8, 9, 6, 5, 8, 6, 4, 6, 7, 5, 9, 4, 5, 9, 5, 8, 9, 8, 7, 4, 6, 8, 4, 9, 4, 5, 7, 5, 8, 8, 5, 4, 4, 9, 6, 4, 7, 9, 5, 6, 6, 6, 6, 9, 4, 5, 4, 6
remove 4, new list: 7, 8, 8, 9, 8, 5, 9, 9, 9, 6, 7, 5, 5, 8, 9, 6, 5, 8, 6, 6, 7, 5, 9, 5, 9, 5, 8, 9, 8, 7, 6, 8, 9, 5, 7, 5, 8, 8, 5, 9, 6, 7, 9, 5, 6, 6, 6, 6, 9, 5, 6
remove 5, new list: 7, 8, 8, 9, 8, 9, 9, 9, 6, 7, 8, 9, 6, 8, 6, 6, 7, 9, 9, 8, 9, 8, 7, 6, 8, 9, 7, 8, 8, 9, 6, 7, 9, 6, 6, 6, 6, 9, 6
remove 6, new list: 7, 8, 8, 9, 8, 9, 9, 9, 7, 8, 9, 8, 7, 9, 9, 8, 9, 8, 7, 8, 9, 7, 8, 8, 9, 7, 9, 9
remove 7, new list: 8, 8, 9, 8, 9, 9, 9, 8, 9, 8, 9, 9, 8, 9, 8, 8, 9, 8, 8, 9, 9, 9
remove 8, new list: 9, 9, 9, 9, 9, 9, 9, 9, 9, 9, 9, 9
remove 9, new list: 
***** Stress2 *****
Sum is -10807
remove -10, sum is 4752883
remove -9, sum is 9042436
remove -8, sum is 12851916
remove -7, sum is 16192407
remove -6, sum is 19050879
remove -5, sum is 21421894
remove -4, sum is 23327682
remove -3, sum is 24757116
remove -2, sum is 25709250
remove -1, sum is 26185528
remove 0, sum is 26185528
remove 1, sum is 25709138
remove 2, sum is 24754772
remove 3, sum is 23327006
remove 4, sum is 21424638
remove 5, sum is 19046508
remove 6, sum is 16190178
remove 7, sum is 12851353
remove 8, sum is 9048473
remove 9, sum is 4763960
remove 10, sum is 0
***** Stress3 *****
Sum is 10000028
remove 1, sum is 35
