12
circular pillar
301 298
31
231 158 24 255
circular pillar
419 340
44
188 67 146 255
polygonal pillar
3
161 51
231 158 24 255
45 73
252 108 3 255
55 177
188 67 146 255
polygonal pillar
4
534 179
1 185 254 255
534 266
30 176 225 255
661 266
55 160 200 255
661 179
83 143 172 255
polygonal pillar
6
124 313
231 24 143 255
23 316
216 39 140 255
23 403
165 2 253 255
176 453
170 22 233 255
225 396
163 40 215 255
213 316
156 63 192 255
polygonal pillar
6
381 126
254 30 185 255
324 125
87 168 168 255
304 168
91 113 164 255
330 200
124 91 164 255
399 207
155 91 164 255
432 151
193 248 7 255
polygonal pillar
5
679 375
231 158 24 255
595 334
252 108 3 255
523 411
188 67 146 255
572 457
254 30 185 255
667 473
87 168 168 255
circular pillar
509 84
58
231 158 24 255
circular pillar
732 144
17
124 91 164 255
polygonal pillar
3
238 44
242 13 145 255
218 46
231 24 143 255
234 66
216 39 140 255
polygonal pillar
4
278 29
156 63 192 255
278 48
1 185 254 255
301 48
30 176 225 255
301 29
55 160 200 255
polygonal pillar
7
198 164
165 2 253 255
175 170
170 22 233 255
169 194
163 40 215 255
188 207
156 63 192 255
211 207
1 185 254 255
221 187
30 176 225 255
218 166
55 160 200 255
